<svg width="28" height="28" viewBox="0 0 28 28" fill="none" xmlns="http://www.w3.org/2000/svg">
<g clip-path="url(#clip0_1750_74865)">
<mask id="mask0_1750_74865" style="mask-type:luminance" maskUnits="userSpaceOnUse" x="0" y="0" width="28" height="28">
<path d="M28 0H0V28H28V0Z" fill="white"/>
</mask>
<g mask="url(#mask0_1750_74865)">
<path d="M27.1217 14C27.1217 21.2466 21.2471 27.1217 14.0002 27.1217C6.75331 27.1217 0.878204 21.2466 0.878204 14C0.878204 6.75331 6.75312 0.878204 14.0002 0.878204C21.2473 0.878204 27.1217 6.75312 27.1217 14Z" fill="#FBB700"/>
<path d="M14.0002 0.878226C21.2473 0.878226 27.1218 6.75312 27.1218 14C27.1218 21.2469 21.2471 27.1218 14.0002 27.1218C6.75335 27.1218 0.878226 21.2467 0.878226 14C0.878226 6.75335 6.75312 0.878226 14.0002 0.878226ZM14.0002 0C13.0509 0 12.102 0.095748 11.1796 0.28446C10.2804 0.46846 9.39574 0.743064 8.5505 1.10057C7.72069 1.45143 6.92042 1.88583 6.17201 2.39156C5.43088 2.89237 4.73385 3.46727 4.10068 4.10068C3.46727 4.73407 2.89237 5.43088 2.39156 6.17201C1.88583 6.92042 1.45164 7.72069 1.10057 8.5505C0.743064 9.39574 0.46846 10.2804 0.28446 11.1796C0.095748 12.102 0 13.0509 0 14.0002C0 14.9496 0.095748 15.8985 0.28446 16.8208C0.46846 17.7201 0.743064 18.6047 1.10057 19.4499C1.45143 20.2798 1.88583 21.0798 2.39156 21.8284C2.89237 22.5696 3.46727 23.2663 4.10068 23.8998C4.73407 24.5332 5.43088 25.1081 6.17201 25.6089C6.92042 26.1146 7.72069 26.5488 8.5505 26.8999C9.39574 27.2574 10.2804 27.532 11.1796 27.716C12.102 27.9047 13.0509 28.0006 14.0002 28.0006C14.9496 28.0006 15.8985 27.9047 16.8208 27.716C17.7201 27.532 18.6047 27.2574 19.4499 26.8999C20.2798 26.549 21.0798 26.1146 21.8284 25.6089C22.5696 25.1081 23.2663 24.5332 23.8998 23.8998C24.5332 23.2663 25.1081 22.5696 25.6087 21.8284C26.1144 21.08 26.5486 20.2798 26.8997 19.4499C27.2572 18.6047 27.5318 17.7201 27.7157 16.8208C27.9045 15.8985 28.0003 14.9496 28.0003 14.0002C28.0003 13.0509 27.9045 12.102 27.7157 11.1798C27.5318 10.2806 27.2572 9.39596 26.8997 8.55072C26.5488 7.72089 26.1144 6.92084 25.6087 6.17221C25.1081 5.43108 24.5329 4.73407 23.8998 4.10088C23.2663 3.46749 22.5696 2.89257 21.8284 2.39177C21.08 1.88604 20.2798 1.45186 19.4499 1.10078C18.6047 0.74328 17.7201 0.468672 16.8208 0.284673C15.8985 0.0959622 14.9496 0 14.0002 0Z" fill="white"/>
<path d="M14.0002 26.6844C21.0056 26.6844 26.6846 21.0054 26.6846 14C26.6846 6.9946 21.0056 1.31561 14.0002 1.31561C6.99486 1.31561 1.31586 6.9946 1.31586 14C1.31586 21.0054 6.99486 26.6844 14.0002 26.6844Z" fill="#001489"/>
<path d="M23.0393 14C23.0393 18.9922 18.9924 23.0391 14 23.0391C9.00761 23.0391 4.96027 18.9924 4.96027 14C4.96027 9.00761 9.00761 4.96027 14 4.96027C18.9924 4.96027 23.0393 9.00739 23.0393 14Z" fill="#FBB700"/>
<path d="M22.7655 14C22.7655 18.8412 18.8414 22.7656 14.0002 22.7656C9.15905 22.7656 5.23465 18.8414 5.23465 14C5.23465 9.15864 9.15905 5.23447 14.0002 5.23447C18.8414 5.23447 22.7655 9.15883 22.7655 14Z" fill="white"/>
<path d="M20.269 13.6555C20.0878 13.1757 19.4641 12.9669 18.8742 13.1895C18.6276 13.2822 18.4265 13.4371 18.289 13.6196C18.6788 12.5079 20.265 12.272 20.265 11.2377C20.265 9.50413 17.8032 9.9897 18.1613 11.2381C18.1613 10.672 19.0629 10.5678 19.0629 11.2381C19.0629 11.9083 17.4913 12.3476 17.4913 13.4804C17.4913 14.7287 18.7397 14.844 18.6135 15.9854C18.5921 16.1825 18.3804 16.4408 18.0739 16.4408C16.1615 16.4408 16.8442 14.0872 16.1761 13.3709L16.2108 12.8872C16.5974 13.1241 17.6226 12.5693 16.9481 11.7232C16.9481 12.1394 16.0814 12.1163 16.0814 11.3306C16.0814 10.2669 17.0755 10.8219 17.1237 11.0566C17.076 10.6696 17.0578 10.4235 17.1222 10.2007C16.5859 10.3734 16.5364 10.0636 16.6036 9.94367C16.6818 9.80507 16.7857 9.64334 16.9937 9.64334C17.1068 9.64334 17.1749 9.659 17.2147 9.68641C17.2816 9.73247 17.3302 9.62792 17.3206 9.72496C17.378 9.63758 17.3551 9.74638 17.411 9.659C17.4671 9.57222 17.5423 9.47392 17.6762 9.34282L17.6704 9.14618L17.8267 9.2038L17.9767 8.96112C17.8147 8.6261 17.5954 8.78783 17.4332 8.37164C17.2985 8.3363 15.1921 8.56571 15.2535 7.7254C15.0815 7.7254 14.675 7.81942 14.9271 8.16172C14.7307 8.18508 14.5897 7.96295 14.2948 8.5642C14.6645 8.49481 14.473 8.90801 14.473 9.02561C14.473 9.78729 13.4592 9.77466 13.4592 9.41758C13.2146 9.65513 13.3533 10.1746 13.7231 10.302C13.7231 10.302 13.5825 10.8576 13.2353 11.2096C12.7202 11.1894 11.8942 11.0997 11.4189 10.6505C11.2141 10.4571 11.0513 10.3515 10.9125 10.2975V10.0458C11.1154 9.94622 11.3381 9.77102 11.5692 9.47691C11.7498 9.25672 11.8473 8.97375 11.8207 8.67387C11.8175 8.63812 11.8122 8.60275 11.8057 8.56828C11.8038 8.55714 11.8012 8.54642 11.7987 8.53572C11.7935 8.5115 11.7875 8.48818 11.7807 8.46438C11.7775 8.45304 11.7743 8.44125 11.7704 8.42946C11.7629 8.40614 11.7541 8.38256 11.7447 8.35985C11.7411 8.35044 11.7376 8.34059 11.7335 8.33115C11.7205 8.30094 11.7063 8.27182 11.6905 8.2429C11.6841 8.23111 11.6772 8.21999 11.6706 8.20904C11.6603 8.19171 11.6498 8.17416 11.6387 8.15744C11.6299 8.14372 11.62 8.13045 11.6108 8.11695C11.601 8.10368 11.5909 8.09083 11.5808 8.07798C11.5695 8.06403 11.5583 8.04947 11.5461 8.03578C11.5382 8.02657 11.5299 8.01842 11.5213 8.00963C11.4911 7.97687 11.4587 7.94559 11.4247 7.91647C11.4217 7.9139 11.4182 7.9109 11.4152 7.9081C11.396 7.89203 11.3758 7.87663 11.3559 7.86184C11.3508 7.85776 11.3456 7.85412 11.3401 7.85028C11.3186 7.83505 11.2966 7.82049 11.2741 7.80657C11.2726 7.80551 11.2715 7.80506 11.27 7.804C11.0537 7.67164 10.7921 7.60223 10.5158 7.62387C9.85094 7.67699 9.35655 8.23284 9.41224 8.86536C9.4553 9.35802 9.81902 9.75196 10.2916 9.87726C10.1255 9.9698 9.98545 10.0231 9.95376 10.0231C9.95911 10.0266 9.96597 10.0304 9.97367 10.0353C9.9756 10.0364 9.97753 10.0377 9.97988 10.0388C9.98652 10.0426 9.99402 10.0469 10.0022 10.0514C10.0041 10.0525 10.006 10.0533 10.0079 10.0546C10.0184 10.06 10.0296 10.0656 10.042 10.0717C10.0439 10.0728 10.0463 10.0733 10.0484 10.0743C10.0591 10.0792 10.0705 10.0846 10.0825 10.0893C10.0859 10.0908 10.0891 10.0923 10.0928 10.0936C10.1217 10.1054 10.1545 10.1163 10.1902 10.1266C10.1951 10.1279 10.2003 10.1292 10.205 10.1305C10.2191 10.1341 10.2337 10.1377 10.2491 10.1407C10.2543 10.142 10.259 10.1429 10.2643 10.1439C10.2834 10.1476 10.3031 10.1508 10.3235 10.1536C10.3254 10.1536 10.3269 10.154 10.3284 10.154V10.2971C10.3211 10.2984 10.314 10.2997 10.307 10.3007C10.0906 10.3363 9.95012 10.4027 9.8867 10.5955C9.82373 10.7885 9.88863 10.8585 9.98974 10.9941C9.90383 11.1468 9.68 11.2045 9.97238 11.5425C9.95141 11.6701 9.97817 11.8732 10.1639 11.9351C10.2247 11.9554 10.2748 11.9661 10.3284 11.976L10.328 14.5094C10.1425 14.6075 10.0512 14.73 10.0009 14.8442C10.0009 14.8442 9.85201 14.5141 9.86164 15.1678C10.0306 15.0365 9.96381 15.3201 9.96381 15.3201C9.73376 15.6176 10.0264 15.602 10.0264 15.602C10.2245 15.4039 10.184 15.6915 10.184 15.6915C10.184 16.0426 10.3269 16.1797 10.3278 16.1804V18.1105L10.1596 18.111L10.1609 18.6437L10.4552 18.6426C10.29 18.7116 10.1812 18.8746 10.1971 19.0552C10.217 19.2826 10.4271 19.4512 10.6662 19.4326C10.905 19.4135 11.0826 19.2141 11.0622 18.9864C11.0485 18.8296 10.9446 18.7009 10.8031 18.642L11.0747 18.6415L11.0732 18.109L10.9117 18.1095V16.3969C10.9453 16.4145 10.9815 16.4277 11.0205 16.4359C11.0363 16.4393 11.052 16.4412 11.0678 16.4423C11.0751 16.443 11.082 16.443 11.0892 16.4434C11.0455 16.2181 11.1796 16.069 11.1796 16.069C11.249 15.9651 11.3489 15.8839 11.4624 15.8271C11.8025 15.656 12.2663 15.6997 12.4049 15.9771C13.2831 15.7455 14.0381 14.8626 14.0381 14.8626L14.4706 15.5986C13.5534 15.9051 11.5566 17.6412 12.9429 18.2425C12.9423 18.4175 12.9189 19.7162 12.0861 19.6129C10.8866 19.4651 10.5876 19.9612 10.8181 20.519C10.7094 20.9896 11.0719 21.1531 11.0719 21.1531C11.0175 20.881 11.1484 20.6565 11.644 20.6593C11.6414 21.155 11.9617 21.2441 11.9617 21.2441C11.964 20.82 12.2588 20.6625 12.521 20.664C12.519 21.0138 12.9254 21.1466 12.9254 21.1466C12.9254 21.1466 12.8223 20.7439 13.2816 20.664C14.4443 20.4614 13.3523 19.2651 15.1207 18.9358C15.1207 18.9358 14.2404 18.8026 14.2404 18.3211C14.2404 17.8833 15.037 17.5834 15.3114 17.5834C15.8745 18.6584 16.4862 18.667 16.6463 18.6756C16.8958 18.9534 16.8119 19.8923 16.4524 19.8732C15.1353 19.8034 15.1835 20.6045 15.3308 20.7681C15.3141 21.0796 15.5558 21.2589 15.5558 21.2589C15.5558 20.9254 15.873 20.8319 16.28 20.8538C16.2585 21.261 16.518 21.3216 16.518 21.3216C16.525 20.9121 16.8283 20.8427 17.0438 20.8538C17.0282 21.1413 17.3133 21.2259 17.3133 21.2259C17.3133 21.2259 17.2854 20.8611 17.6689 20.8609C18.3969 20.8604 17.3394 19.3 18.7613 17.7569C17.5129 18.3346 16.8485 16.8902 16.8485 16.613C17.49 17.3643 19.5703 17.514 19.5703 16.2315C19.5703 14.9491 18.2236 14.5501 18.8532 14.0816C19.2199 13.8087 19.9405 14.3592 19.5281 14.9277C20.1187 14.7086 20.4488 14.136 20.2678 13.6562H20.2684L20.269 13.6555ZM12.2903 13.6941C11.8199 13.9709 11.5043 14.3211 11.0751 14.4742C11.01 14.4974 10.9579 14.5036 10.9127 14.5004V12.109C11.0265 12.1197 11.3214 12.16 11.6663 12.3027C12.0075 12.489 12.0075 12.8746 11.5766 12.9656C11.8488 13.4874 12.793 13.2321 12.9986 12.8071C13.0993 12.7981 13.1884 12.9783 13.2724 13.1479C13.14 13.2169 12.869 13.3535 12.2903 13.6941ZM17.5579 9.72989C17.5065 9.79972 17.4549 9.86998 17.4107 9.92953C17.5294 10.1281 17.7541 10.2523 18 10.2292C18.3404 10.1971 18.5908 9.89526 18.5591 9.55467C18.558 9.54268 18.5557 9.53132 18.5537 9.51911C18.5182 9.6952 18.3097 9.84469 18.0454 9.86911C17.8456 9.88798 17.6641 9.83055 17.5579 9.72989Z" fill="#CCCCCC"/>
<path d="M9.95393 8.29089C9.95393 8.29089 9.95351 8.29218 9.95351 8.29305H9.95307C9.95799 8.27975 9.96421 8.26734 9.97065 8.25533C9.96421 8.2669 9.95864 8.27868 9.95393 8.29089ZM9.97577 18.3213C9.97577 18.3213 9.97687 18.3209 9.97751 18.32H9.97706C9.97706 18.32 9.97642 18.3211 9.97577 18.3213ZM9.78087 18.2631L10.0752 18.262C10.0396 18.2772 10.0069 18.2969 9.97751 18.32C10.0066 18.3093 10.0377 18.3027 10.0705 18.3027C10.2183 18.3027 10.3376 18.4222 10.3376 18.5698C10.3376 18.7174 10.2181 18.8369 10.0705 18.8369C9.95094 18.8369 9.85112 18.7583 9.81707 18.6503V18.6743C9.83698 18.9016 10.0469 19.0706 10.2862 19.0517C10.525 19.0329 10.7026 18.833 10.6824 18.6056C10.6685 18.4492 10.5648 18.32 10.4232 18.2613L10.6946 18.2603L10.6934 17.728L10.5319 17.7284V16.0161C10.3736 15.9336 10.2817 15.7545 10.3172 15.5712C10.4183 15.5712 10.5091 15.5973 10.5698 15.6387C10.4764 15.8447 10.709 16.0628 10.709 16.0628C10.6653 15.8374 10.7996 15.6884 10.7996 15.6884C10.869 15.5845 10.9688 15.5033 11.0824 15.4463C11.4227 15.2752 11.8865 15.3186 12.025 15.5958C12.9033 15.3649 13.6583 14.4815 13.6583 14.4815L14.0908 15.2173C15.1046 15.2173 14.7523 14.458 14.6857 14.3911C14.9189 14.3911 15.2475 14.5629 15.2475 14.9436C15.2475 15.8773 12.5331 16.0105 12.5331 17.1438C12.5331 17.6198 13.0044 17.801 13.0044 17.801C13.0044 18.8343 12.295 19.4487 11.8091 19.4487C11.0327 19.4487 10.4385 19.2916 10.4385 20.1377H10.709C10.4522 20.3946 10.6921 20.7718 10.6921 20.7718C10.6379 20.5004 10.7685 20.2757 11.2642 20.2781L11.5737 20.2785C11.3771 20.4751 11.4917 20.7731 11.5821 20.8633C11.5842 20.4391 11.8787 20.2817 12.1412 20.2832H12.3652C12.3044 20.344 12.4027 20.6229 12.5456 20.7658C12.5456 20.7658 12.4423 20.3631 12.9018 20.2832C14.0647 20.0808 12.9725 18.8844 14.7409 18.5552C14.7409 18.5552 13.8607 18.422 13.8607 17.9403C13.8607 17.5026 14.6571 17.2028 14.9318 17.2028C15.147 17.1715 15.3524 17.1796 15.5292 17.2175C15.6005 17.9117 16.3984 17.8777 16.5713 17.8777C17.2477 18.5539 16.3999 19.6397 16.3999 19.6397C15.3619 19.6397 14.951 19.7828 14.951 20.3875H15.1475C15.0369 20.4978 15.1001 20.8024 15.176 20.878C15.176 20.5447 15.4934 20.4518 15.9002 20.4734H16.1142C16.0103 20.5773 16.0283 20.8309 16.1386 20.941C16.1454 20.5315 16.4485 20.4618 16.6642 20.4734H16.8424C16.7756 20.5402 16.8429 20.7546 16.9337 20.8455C16.9337 20.8455 16.9056 20.4802 17.2893 20.4798C18.0173 20.4794 16.9598 18.9192 18.3815 17.3762C17.1333 17.9537 16.4687 16.5094 16.4687 16.2318C17.1102 16.983 19.1907 17.1329 19.1907 15.8505C19.1907 14.8161 18.2311 14.3297 18.3106 13.9216C18.3386 13.6091 18.601 13.364 18.9208 13.364C19.2593 13.364 19.5332 13.6382 19.5332 13.9767C19.5332 14.2346 19.3743 14.4546 19.1492 14.5452C19.1496 14.5447 19.1496 14.5447 19.1496 14.5447C19.1492 14.5452 19.1483 14.546 19.1481 14.5467C19.7387 14.3277 20.069 13.7552 19.888 13.2758C19.7069 12.796 19.0825 12.5869 18.4931 12.8093C18.2463 12.9024 18.0454 13.0569 17.9079 13.2394C18.2975 12.1277 19.8839 11.8923 19.8839 10.8577C19.8839 9.12437 17.4223 9.60975 17.7804 10.8581C17.7804 10.8393 17.7813 10.8208 17.7832 10.8028C17.8462 10.097 19.107 9.95289 19.107 10.8725C19.107 11.6584 17.4923 12.094 17.4923 13.1509C17.4923 14.2078 18.6852 14.5081 18.6852 15.6513C18.6852 15.7871 18.6139 16.3734 17.8209 16.3734C17.0279 16.3734 16.6882 15.9458 16.4798 15.3872V15.3876C16.09 14.6353 16.2332 13.4604 15.7946 12.9903L15.8293 12.507C16.2159 12.7439 17.2407 12.1887 16.567 11.3433C16.567 11.7595 15.7001 11.7363 15.7001 10.9502C15.7001 9.88692 16.6942 10.4419 16.7426 10.6765C16.6947 10.2892 16.6766 10.0429 16.7411 9.8205C16.2045 9.99296 16.1549 9.68341 16.2221 9.56327C16.3003 9.42444 16.4042 9.26294 16.6126 9.26294C16.9138 9.26294 16.8949 9.37368 16.8791 9.529C16.9943 9.35506 17.0266 9.22419 17.2946 8.96241L17.2888 8.76558L17.445 8.82362L17.5954 8.58072C17.4336 8.24528 17.2141 8.40743 17.0522 7.99124C16.917 7.95632 15.1468 7.79266 15.2081 6.95258C15.0513 6.95258 14.6248 7.493 14.9135 7.78152H14.5456C14.3493 7.80509 13.891 7.66778 13.5962 8.26883C14.3211 7.54396 14.7921 9.27302 13.4561 9.27302V9.27257H13.4566C13.2593 9.27344 13.0905 9.19098 13.0791 9.05196C12.9459 9.63587 13.7871 9.81731 13.7871 9.81731C13.7871 9.99102 13.3657 10.9294 13.161 11.134C13.2991 11.2722 13.342 12.1058 12.7036 12.1058C12.9339 11.4838 12.257 10.9564 11.5996 10.6075H11.6003C11.4816 10.5621 11.3681 10.5072 11.2629 10.4415C10.8594 10.2571 10.5312 10.1532 10.5312 10.1532V9.66544C10.7341 9.56582 10.9566 9.39017 11.1879 9.09609C11.3685 8.87609 11.466 8.59357 11.4396 8.29347C11.4364 8.25768 11.4313 8.22257 11.4244 8.18743C11.4225 8.17674 11.4199 8.16601 11.4176 8.15532C11.4124 8.13132 11.4064 8.10732 11.3996 8.08378C11.3964 8.07199 11.3929 8.06084 11.3891 8.04906C11.3816 8.02506 11.3728 8.00193 11.3636 7.97922C11.3595 7.96959 11.3563 7.96018 11.3524 7.95052C11.3396 7.92054 11.325 7.891 11.3096 7.86227C11.3032 7.85051 11.2963 7.83959 11.2895 7.828C11.279 7.81066 11.2687 7.79353 11.2576 7.77681C11.2483 7.76309 11.2391 7.74982 11.2295 7.73632C11.2199 7.72328 11.2098 7.7102 11.1995 7.69757C11.1884 7.68321 11.1768 7.66884 11.165 7.65515C11.1569 7.64636 11.1485 7.63737 11.1402 7.6288C11.1095 7.59602 11.0774 7.56519 11.0436 7.53604C11.0404 7.53349 11.0371 7.53005 11.0339 7.52728C11.0147 7.5112 10.9947 7.496 10.9746 7.48099C10.9692 7.47735 10.9641 7.47329 10.9587 7.46965C10.9373 7.45422 10.9155 7.43989 10.8928 7.42575C10.8913 7.4253 10.89 7.42424 10.8885 7.42337C10.6722 7.29056 10.4106 7.22138 10.1347 7.24324C10.0748 7.24795 10.0171 7.25822 9.96037 7.27088C9.57781 7.41738 9.29913 7.86571 9.29913 8.39628C9.29913 8.89603 9.54673 9.32227 9.89547 9.49257C9.9004 9.49386 9.90533 9.49579 9.91023 9.49707C9.74424 9.58961 9.60416 9.64293 9.57243 9.64293C9.57801 9.64637 9.58487 9.65021 9.59237 9.65514C9.5943 9.65623 9.59621 9.65707 9.59859 9.65858C9.605 9.66264 9.61273 9.66673 9.62085 9.67101C9.62278 9.67227 9.62471 9.67336 9.62664 9.67443C9.63692 9.67977 9.64848 9.68557 9.66049 9.69156C9.6624 9.69221 9.66475 9.69327 9.66691 9.69434C9.67741 9.69926 9.68855 9.70377 9.70076 9.70892C9.70417 9.71041 9.70717 9.71147 9.71103 9.7134C9.74038 9.72477 9.77272 9.73634 9.8085 9.74619C9.81343 9.74748 9.81855 9.74877 9.82348 9.75025C9.83762 9.75389 9.85218 9.75753 9.86739 9.76033C9.87276 9.76181 9.87769 9.76268 9.88304 9.76375C9.90211 9.76739 9.92182 9.77103 9.94215 9.77338C9.94366 9.77338 9.94537 9.77383 9.94707 9.77402C10.0735 9.78475 10.2236 9.75305 10.2236 9.75305V10.036C10.2011 10.036 10.0019 9.97154 9.94707 9.91691C9.94002 9.91839 9.93293 9.91926 9.92565 9.92055C9.70933 9.95611 9.56924 10.0223 9.50563 10.2153C9.44221 10.4085 9.50733 10.4785 9.60864 10.6141C9.52254 10.7667 9.2989 10.8238 9.59131 11.1625C9.57031 11.2899 9.59707 11.4934 9.78257 11.5553C9.84342 11.5757 9.89373 11.5864 9.94707 11.5958C10.0567 11.5958 10.2236 11.6877 10.2236 11.9161V14.0938C10.3236 14.0994 10.4325 14.1133 10.531 14.1215V11.7301C10.6447 11.7408 10.9399 11.7809 11.2844 11.9231C11.2882 11.925 11.2912 11.9276 11.2948 11.9297C11.2944 11.9293 11.2944 11.9293 11.2944 11.9291C11.3257 11.9334 11.3574 11.9394 11.3895 11.9492C11.6189 12.0193 11.7616 12.2189 11.708 12.395C11.6543 12.5711 11.4244 12.6563 11.195 12.5863C11.4673 13.1081 12.4117 12.853 12.6175 12.428C12.7178 12.4188 12.8071 12.5991 12.8909 12.7688C12.8909 12.7688 13.1273 12.8592 13.7132 12.8592C13.7132 12.8592 11.3418 14.3734 10.6557 14.3734C10.3628 14.3734 9.71274 14.3734 9.71274 14.5951C9.5341 14.5951 9.27664 14.8986 9.27664 15.0719C9.44543 14.9404 9.58316 14.9404 9.58316 14.9404C9.72711 14.9404 9.80805 14.9834 9.80805 14.9834C9.75581 15.0357 9.51867 15.3023 9.51867 15.5095C9.7168 15.3114 9.80313 15.312 9.80313 15.312C9.80313 15.312 10.0105 15.2854 10.084 15.3595C10.034 15.4097 9.94688 15.5892 9.94688 15.8012C9.94688 15.8012 10.0694 15.5643 10.2234 15.5643V17.8404C10.2234 17.9105 9.90939 17.9769 9.78022 17.9769M9.8764 11.3778C9.81836 11.3801 9.7905 11.3041 9.78985 11.2766C9.78857 11.2488 9.81063 11.1713 9.8689 11.1693C10.0077 11.1644 10.2855 11.231 10.2868 11.2582C10.2877 11.2859 10.0156 11.373 9.8766 11.378L9.8764 11.3778ZM9.78686 11.002C9.70633 10.9963 9.67998 10.8872 9.68275 10.8493C9.68533 10.8112 9.7273 10.7075 9.80828 10.7133C10.0004 10.7275 10.3731 10.8617 10.3701 10.8997C10.3675 10.9378 9.97899 11.0164 9.78686 11.002ZM9.7541 10.5207C9.66861 10.4982 9.66175 10.3759 9.67225 10.3357C9.68275 10.2956 9.74872 10.1921 9.83398 10.2146C10.0375 10.2678 10.4113 10.4863 10.4008 10.5265C10.3903 10.5668 9.95757 10.5736 9.75387 10.5205L9.7541 10.5207ZM10.3834 9.16441C10.419 9.08002 10.4113 8.96541 10.3894 8.8566C10.3858 8.8566 10.3821 8.85702 10.3783 8.85702C10.1336 8.85702 9.93551 8.6589 9.93551 8.41429C9.93165 8.37251 9.93786 8.33225 9.9518 8.29498H9.95223C9.95223 8.29498 9.95223 8.29305 9.95265 8.29282C10.0058 8.10755 10.1759 7.9711 10.378 7.9711C10.6225 7.9711 10.8208 8.16923 10.8208 8.41406C10.8208 8.69658 10.622 8.95642 10.383 9.16418L10.3834 9.16441Z" fill="#001489"/>
<path d="M17.0294 9.54888C17.1481 9.74746 17.3728 9.87147 17.6189 9.84834C17.9595 9.81665 18.2095 9.51484 18.178 9.17382C18.1769 9.16204 18.1746 9.15047 18.1729 9.13849C18.1373 9.31455 17.9282 9.46385 17.6641 9.48849C17.4645 9.50733 17.283 9.44971 17.177 9.34905C17.1254 9.41908 17.0735 9.48913 17.0294 9.54888Z" fill="#FF0000"/>
<path d="M16.2024 8.40079L16.4164 8.41193L16.3095 8.55888C16.3095 8.55888 16.167 8.60429 16.2026 8.40101L16.2024 8.40079ZM15.6922 8.40079H16.0006C16.0006 8.40079 15.9888 8.64926 16.2142 8.67174L16.1666 8.75079C16.1666 8.75079 15.5617 8.59292 15.6922 8.40079Z" fill="white"/>
<path d="M10.4016 10.5248C10.4119 10.4845 10.0383 10.2662 9.83484 10.2129C9.74938 10.1904 9.68361 10.2937 9.67314 10.334C9.66264 10.3742 9.6695 10.4963 9.75495 10.519C9.95843 10.5721 10.3911 10.5653 10.4018 10.525L10.4016 10.5248ZM10.3708 10.8977C10.3738 10.86 10.0011 10.7253 9.80894 10.7114C9.72838 10.7056 9.68641 10.8093 9.68341 10.8474C9.68061 10.8853 9.70696 10.9943 9.78752 11.0001C9.97943 11.0142 10.368 10.9358 10.3708 10.8977ZM9.94751 9.7723V9.91538C10.0021 9.97001 10.2014 10.0345 10.2241 10.0345V9.75152C10.2241 9.75152 10.0741 9.78299 9.94751 9.7723ZM9.86933 11.1665C9.81106 11.1685 9.789 11.2462 9.79029 11.2739C9.79093 11.3013 9.81899 11.3773 9.87684 11.375C10.0161 11.37 10.2879 11.2826 10.287 11.2552C10.2859 11.2282 10.0081 11.1614 9.86911 11.1663L9.86933 11.1665ZM9.58337 14.9384C9.35332 15.2364 9.51891 15.5073 9.51891 15.5073C9.51891 15.3002 9.75579 15.0335 9.80829 14.9813C9.80829 14.9813 9.72732 14.9384 9.58337 14.9384ZM10.3166 15.5707C10.281 15.7541 10.3729 15.9332 10.5312 16.0156C10.5649 16.033 10.6011 16.0465 10.6398 16.0544C10.6559 16.0576 10.6715 16.0596 10.6872 16.0613C10.6944 16.0613 10.7013 16.0617 10.7084 16.0623C10.7084 16.0623 10.4757 15.8443 10.5691 15.6382C10.5083 15.5967 10.4177 15.5707 10.3166 15.5707ZM9.8961 9.49126C9.54716 9.32097 9.29978 8.89472 9.29978 8.39498C9.29978 7.86441 9.57844 7.41607 9.961 7.26957C9.3863 7.39658 8.98084 7.90767 9.0316 8.48365C9.07422 8.97141 9.43063 9.36145 9.8961 9.49126ZM13.5962 8.26797C13.9659 8.19833 14.0917 8.52714 14.0917 8.64454C14.0917 9.09027 13.7444 9.27043 13.4564 9.27194V9.27236C14.7923 9.27236 14.3211 7.54333 13.5964 8.26817L13.5962 8.26797ZM12.7037 12.105C13.3418 12.105 13.2989 11.2715 13.161 11.1331C13.3657 10.9286 13.7871 9.99014 13.7871 9.81643C13.7871 9.81643 12.9449 9.63457 13.0794 9.05043V9.04937L13.0682 9.04788C12.8388 9.28991 12.978 9.79523 13.3422 9.92095C13.3422 9.92095 13.2017 10.4764 12.8547 10.8287C12.5096 10.8152 12.0253 10.7696 11.6001 10.6066C12.2577 10.9558 12.9344 11.4829 12.7041 12.105H12.7037ZM10.2108 8.10283C10.3761 8.08953 10.5214 8.20671 10.5351 8.36415C10.549 8.52137 10.4258 8.65994 10.2607 8.67302C10.0951 8.68609 9.94966 8.56891 9.93617 8.41169C9.93617 8.6563 10.1343 8.85446 10.3789 8.85446C10.3823 8.85446 10.3862 8.85401 10.39 8.85401C10.4121 8.96285 10.4196 9.07723 10.3841 9.16181C10.6231 8.95405 10.8219 8.69444 10.8219 8.41169C10.8219 8.16709 10.6235 7.96874 10.3791 7.96874C10.1758 7.96874 10.0049 8.10582 9.95288 8.29239C9.99144 8.18957 10.0891 8.11266 10.211 8.1026L10.2108 8.10283ZM14.9136 7.78066C14.625 7.49212 15.0515 6.95169 15.2081 6.95169C15.0363 6.95169 14.2937 7.43794 14.5456 7.78066H14.9136ZM11.1952 12.5843C11.4246 12.6544 11.6545 12.5689 11.7083 12.3931C11.762 12.217 11.6194 12.0176 11.3897 11.9473C11.358 11.9377 11.3259 11.9312 11.2946 11.9272C11.6256 12.1161 11.6219 12.4948 11.1952 12.5843ZM10.5314 10.1521C10.5314 10.1521 10.8596 10.256 11.2631 10.4404C11.1826 10.3896 11.1063 10.3335 11.0376 10.269C10.833 10.0752 10.67 9.96959 10.5312 9.91602V10.1519L10.5314 10.1521ZM10.6559 14.3716C11.3418 14.3716 13.7134 12.8575 13.7134 12.8575C13.1276 12.8575 12.8911 12.7671 12.8911 12.7671C12.7587 12.836 12.4873 12.9721 11.909 13.3128C11.4386 13.5902 11.1228 13.9402 10.6938 14.0932C10.6285 14.1165 10.5764 14.1223 10.5314 14.1197C10.4329 14.1116 10.3241 14.0977 10.2241 14.0921V11.9143C10.2241 11.686 10.0574 11.5941 9.94751 11.5941V14.1279C9.76181 14.226 9.67076 14.3487 9.62022 14.4629C9.62022 14.4629 9.267 14.416 9.27708 15.0702C9.27708 14.8969 9.53454 14.5933 9.71318 14.5933C9.71318 14.3716 10.3628 14.3716 10.6559 14.3716ZM16.5709 17.8768C16.398 17.8768 15.6001 17.9109 15.5287 17.2167C15.352 17.1787 15.1466 17.1706 14.9313 17.2019C15.4945 18.2772 16.106 18.286 16.2662 18.2941C16.5158 18.5719 16.4318 19.5103 16.0724 19.4915C14.7553 19.4214 14.8032 20.2223 14.9508 20.3864C14.9508 19.7817 15.3617 19.6386 16.3997 19.6386C16.3997 19.6386 17.2475 18.5531 16.571 17.8766L16.5709 17.8768ZM16.842 20.4725H16.6638C16.6486 20.76 16.9337 20.8446 16.9337 20.8446C16.8425 20.7536 16.7756 20.5391 16.8425 20.4725H16.842ZM15.1753 20.8772C15.0995 20.8015 15.0363 20.4969 15.1468 20.3866H14.9504C14.9341 20.6981 15.1753 20.8772 15.1753 20.8772ZM19.107 10.8716C19.107 9.95181 17.8456 10.0964 17.7832 10.8026C17.8391 10.2849 18.682 10.2088 18.682 10.8572C18.682 11.5056 17.1098 11.9668 17.1098 13.0993C17.1098 14.3476 18.3581 14.4629 18.232 15.6041C18.2106 15.8014 17.9991 16.0598 17.6924 16.0598C17.0348 16.0598 16.6839 15.7811 16.4798 15.3865C16.6882 15.9452 17.0558 16.3727 17.8209 16.3727C18.586 16.3727 18.6852 15.7864 18.6852 15.6506C18.6852 14.5074 17.4923 14.2365 17.4923 13.1502C17.4923 12.064 19.107 11.6573 19.107 10.8716ZM9.80336 15.3103C9.80336 15.6626 9.94731 15.7993 9.94731 15.7993C9.94731 15.5875 10.0343 15.4077 10.0844 15.3576C10.0107 15.2835 9.80356 15.3101 9.80356 15.3101L9.80336 15.3103ZM18.9202 13.3638C18.6004 13.3638 18.3382 13.6089 18.3099 13.9214C18.3247 13.8462 18.3748 13.7734 18.4725 13.7003C18.8392 13.4276 19.5583 13.9764 19.1485 14.5445C19.3737 14.4541 19.5326 14.2341 19.5326 13.976C19.5326 13.6376 19.2587 13.3634 18.9202 13.3634V13.3638ZM16.1135 20.4729H15.8995C15.8781 20.8797 16.1379 20.9405 16.1379 20.9405C16.0276 20.8303 16.0096 20.5769 16.1135 20.4729ZM10.07 18.3024C10.0371 18.3024 10.006 18.3091 9.97685 18.3198C9.87513 18.3982 9.81322 18.5179 9.81686 18.6501C9.85091 18.7581 9.95095 18.8367 10.0703 18.8367C10.218 18.8367 10.3374 18.7172 10.3374 18.5696C10.3374 18.422 10.2176 18.3024 10.07 18.3024ZM11.5731 20.2782L11.2636 20.2778C11.2612 20.7737 11.5814 20.863 11.5814 20.863C11.4911 20.7726 11.3765 20.4749 11.5731 20.2782ZM12.5323 17.1441C12.5323 16.0109 15.2466 15.8773 15.2466 14.9438C15.2466 14.5631 14.9181 14.3913 14.6848 14.3913C14.7516 14.4582 15.1038 15.2175 14.09 15.2175C13.1732 15.524 11.1764 17.2601 12.5625 17.8616C12.5614 18.0362 12.5385 19.3349 11.7057 19.2323C10.5064 19.0843 10.2073 19.5804 10.4376 20.138C10.4376 19.2919 11.0318 19.4488 11.8083 19.4488C12.2941 19.4488 13.0035 18.8348 13.0035 17.8012C13.0035 17.8012 12.5323 17.62 12.5323 17.1441ZM10.2238 17.8387V15.5626C10.07 15.5626 9.94731 15.7993 9.94731 15.7993V17.7417V17.7295L9.77895 17.7299L9.78043 17.9749C9.9096 17.9749 10.2236 17.9085 10.2236 17.8385L10.2238 17.8387ZM10.6914 20.772C10.6914 20.772 10.4513 20.395 10.7084 20.138H10.4376C10.3288 20.609 10.6914 20.772 10.6914 20.772ZM12.3648 20.2832H12.1407C12.1388 20.633 12.5452 20.7658 12.5452 20.7658C12.402 20.6229 12.304 20.344 12.3648 20.2832Z" fill="#6672B8"/>
<path d="M25.7331 16.2922L25.7108 16.2496L25.6956 16.2035C25.6463 16.0459 25.5538 15.7526 25.3126 15.7402C25.2482 15.7368 25.1852 15.7552 25.1222 15.795C25.1278 15.7207 25.1145 15.6567 25.0815 15.6014C24.957 15.394 24.655 15.4506 24.4927 15.4808L24.4447 15.4891H24.3963C24.2316 15.4872 23.9242 15.4847 23.8372 15.7102C23.8143 15.7702 23.8123 15.8357 23.8308 15.9081C23.7618 15.8797 23.6967 15.8726 23.6339 15.8871C23.3983 15.9413 23.3582 16.2463 23.3373 16.41L23.3302 16.4578L23.3154 16.5038C23.2627 16.6604 23.1653 16.9521 23.3531 17.104C23.4032 17.1445 23.4649 17.1668 23.539 17.1715C23.4906 17.2282 23.4639 17.288 23.4583 17.3521C23.4373 17.5928 23.7147 17.725 23.864 17.7959L23.9072 17.8173L23.9467 17.8454C24.0795 17.9435 24.3262 18.1262 24.5286 17.9951C24.5826 17.96 24.6229 17.9083 24.6503 17.839C24.6895 17.9026 24.7377 17.9465 24.7972 17.9718C25.0198 18.066 25.2312 17.8432 25.3448 17.7233L25.3786 17.6886L25.4176 17.6596C25.5523 17.5639 25.8027 17.3857 25.7395 17.1524C25.7228 17.0901 25.6862 17.0359 25.6286 16.9881C25.7014 16.9708 25.758 16.9378 25.8004 16.8892C25.9591 16.7069 25.8121 16.4368 25.7331 16.2918V16.2922Z" fill="white"/>
<path d="M24.3185 16.3515C23.4951 15.5352 24.3339 15.641 24.4567 15.6301C24.5794 15.6196 25.3865 15.3701 24.7197 16.3147C24.6827 16.301 24.6441 16.2909 24.6034 16.2871C24.5569 16.145 24.5096 16.0002 24.5096 16.0002L24.4777 16.0032C24.4777 16.0032 24.4563 16.1536 24.4353 16.3014C24.3939 16.3125 24.3549 16.3297 24.3185 16.3515ZM24.4147 17.2006C24.3022 17.3163 24.1754 17.4474 24.1754 17.4474L24.1478 17.4309C24.1478 17.4309 24.2028 17.2606 24.2519 17.1081C24.2132 17.0744 24.1821 17.0346 24.1566 16.9918C23.0815 17.3619 23.8747 17.6329 23.9797 17.6961C24.0846 17.7586 24.6921 18.3282 24.5201 17.2207C24.4841 17.2177 24.4488 17.2115 24.4147 17.2006ZM24.0915 16.7949C24.0904 16.7823 24.0919 16.7699 24.0919 16.7572C23.9518 16.6887 23.8023 16.6152 23.8023 16.6152L23.8094 16.5835C23.8094 16.5835 23.9704 16.5831 24.1236 16.5831C24.1423 16.5359 24.1662 16.4909 24.1997 16.4513L24.2001 16.4509C23.5078 15.5249 23.4953 16.3693 23.4677 16.4895C23.4401 16.6092 23.0828 17.3698 24.1015 16.8491C24.0979 16.8311 24.0932 16.8135 24.0915 16.7949ZM24.9965 16.92C24.9787 16.9659 24.9556 17.01 24.9237 17.0494C24.9986 17.1912 25.0824 17.3491 25.0824 17.3491L25.0579 17.3703C25.0579 17.3703 24.9102 17.2634 24.7797 17.1687C24.7457 17.1869 24.7088 17.1993 24.6709 17.2085C24.6942 18.3277 25.1933 17.6618 25.2857 17.5819C25.378 17.5014 26.1088 17.0989 24.9969 16.9204L24.9965 16.92ZM25.58 16.3044C25.5316 16.1909 25.3732 15.3619 24.8525 16.3929C24.8934 16.4265 24.9307 16.4644 24.9586 16.51C25.1096 16.4837 25.2685 16.456 25.2685 16.456L25.2812 16.4856C25.2812 16.4856 25.146 16.5841 25.0201 16.676C25.022 16.6882 25.0258 16.7 25.0271 16.7125C25.0288 16.7321 25.0271 16.7514 25.0267 16.7709C26.1095 17.101 25.628 16.4171 25.58 16.3044ZM24.5353 16.4768C24.4616 16.4832 24.3944 16.5182 24.3468 16.5749C24.2993 16.6319 24.2765 16.7039 24.2828 16.7776C24.296 16.9303 24.4312 17.0432 24.5833 17.0299C24.6574 17.0235 24.7244 16.9888 24.772 16.9318C24.8195 16.8748 24.8423 16.8033 24.836 16.7294C24.8225 16.5766 24.6876 16.4633 24.5353 16.4768Z" fill="#FF0000"/>
<path d="M23.2507 11.4287C23.3668 12.0874 23.997 12.5282 24.6552 12.4123C25.3137 12.2965 25.7549 11.6663 25.6388 11.0078C25.5225 10.3494 24.8925 9.90811 24.2343 10.024C23.5758 10.1405 23.1344 10.7705 23.2507 11.4287Z" fill="white"/>
<path d="M23.9599 10.9414C23.9704 10.9348 23.9888 10.9228 24.0118 10.9076C24.1109 10.8423 24.3058 10.7131 24.311 10.709C24.3382 10.6906 24.3645 10.6726 24.3902 10.6559C24.4768 10.5974 24.5543 10.5469 24.6274 10.5051C24.6552 10.489 24.6826 10.4742 24.7096 10.4608C24.8257 10.4023 24.9371 10.3667 25.0682 10.3554C25.1691 10.4282 25.2571 10.5186 25.3278 10.6231C25.0267 10.7322 24.7323 10.9061 24.1191 11.2874C24.0841 11.2062 23.9668 10.9566 23.9599 10.9414ZM25.4812 10.9755C25.4582 10.8778 25.4229 10.7863 25.3762 10.7022C25.0744 10.8088 24.7824 10.9817 24.1546 11.3715C24.1765 11.4242 24.2302 11.5605 24.2427 11.5915C24.8465 11.4455 25.3085 11.2126 25.4812 10.9755ZM24.558 10.4408C24.3438 10.2703 24.0752 10.2763 23.88 10.3151C23.7721 10.383 23.6782 10.4693 23.6016 10.5689C23.8076 10.4985 24.0752 10.4608 24.3104 10.6C24.3997 10.54 24.4804 10.4865 24.558 10.4408ZM25.4846 11.4504C25.5105 11.3358 25.5163 11.2154 25.5017 11.0933C25.2578 11.3578 24.7454 11.5609 24.2767 11.6768C24.3153 11.7719 24.4162 12.0225 24.4206 12.0332C24.441 12.0283 24.7113 11.9578 24.8289 11.9195C24.8626 11.9083 24.8962 11.897 24.929 11.8848C25.0065 11.8561 25.0813 11.8231 25.1504 11.7847C25.1849 11.7657 25.2173 11.7453 25.2483 11.7233C25.3507 11.6515 25.4334 11.5626 25.4846 11.4504ZM24.2632 12.2676C24.3671 12.2855 24.4751 12.2883 24.5843 12.2738C24.6663 12.211 24.7428 12.1305 24.7915 12.0264C24.6916 12.057 24.5931 12.0825 24.5025 12.1058L24.4052 12.1313C24.4052 12.1313 24.3382 12.2091 24.2632 12.2676ZM23.6003 10.8795C23.629 10.8769 23.6592 10.875 23.6913 10.8744C23.7511 10.8731 23.816 10.875 23.8867 10.8817L24.2251 10.6576C23.9794 10.5374 23.6984 10.618 23.514 10.7002C23.4773 10.7662 23.448 10.8365 23.4257 10.9091C23.4773 10.8964 23.5339 10.8851 23.6003 10.8795ZM23.4002 11.0102C23.3749 11.1366 23.3715 11.2692 23.3948 11.4035C23.4645 11.7978 23.7438 12.103 24.0976 12.2253C23.8715 11.9572 23.6088 11.5273 23.5994 10.9712C23.5208 10.9791 23.4553 10.9933 23.4002 11.0102ZM24.951 10.2815C24.7467 10.1707 24.5057 10.1249 24.2598 10.1684C24.2133 10.1767 24.1685 10.1885 24.1246 10.2024C24.2975 10.2065 24.4845 10.2534 24.643 10.3933C24.7437 10.341 24.8426 10.3029 24.951 10.2815ZM23.6902 10.9656C23.6984 11.5232 23.9747 11.9492 24.1973 12.2027C24.2463 12.1677 24.2962 12.1232 24.3373 12.0686L24.1874 11.698L24.1527 11.6121C24.1527 11.6121 24.0951 11.4671 24.0762 11.4202C24.0644 11.3915 24.0529 11.3641 24.0407 11.3353C24.001 11.2422 23.9539 11.1391 23.8732 10.9716C23.8066 10.9658 23.7453 10.9637 23.6896 10.9656H23.6902ZM24.76 12.2356C24.8534 12.2069 24.9412 12.1665 25.0206 12.1152C25.059 12.0538 25.0965 11.9816 25.123 11.9002C25.0524 11.9345 24.9782 11.9634 24.9039 11.9895C24.8726 12.0868 24.8208 12.1675 24.76 12.2356ZM25.1907 11.9788C25.2627 11.9079 25.3248 11.8269 25.3743 11.7389C25.3308 11.776 25.2837 11.8098 25.2333 11.84C25.2231 11.8891 25.2076 11.9349 25.1909 11.979L25.1907 11.9788Z" fill="#FF0000"/>
<path d="M4.8161 16.5038L4.80134 16.4578L4.79448 16.41C4.77306 16.2464 4.73344 15.9413 4.4978 15.8872C4.43505 15.8726 4.36992 15.8797 4.30096 15.9081C4.3196 15.8359 4.31745 15.7704 4.29454 15.7102C4.208 15.4849 3.90061 15.4875 3.73547 15.4892H3.68706L3.63929 15.4808C3.47692 15.4508 3.17468 15.3943 3.05045 15.6014C3.01746 15.6567 3.00397 15.7209 3.00976 15.7953C2.94676 15.7552 2.88379 15.737 2.81953 15.7402C2.57835 15.7526 2.48603 16.0461 2.43633 16.2035L2.42112 16.2496L2.39885 16.2922C2.31981 16.4372 2.17286 16.7071 2.33159 16.8896C2.374 16.938 2.43076 16.971 2.50338 16.9886C2.44576 17.0361 2.40913 17.0905 2.39242 17.1529C2.32966 17.3861 2.58027 17.5641 2.71458 17.6601L2.75356 17.689L2.78741 17.7237C2.90073 17.8437 3.11213 18.0666 3.3347 17.9722C3.39404 17.9469 3.44264 17.903 3.48165 17.8392C3.50926 17.9086 3.54932 17.9604 3.60331 17.9955C3.80594 18.1268 4.05271 17.9441 4.18529 17.8458L4.22471 17.8178L4.2682 17.7963C4.41727 17.7252 4.69486 17.5931 4.67389 17.3525C4.66832 17.2884 4.64132 17.2285 4.59314 17.1719C4.66767 17.1672 4.72913 17.1449 4.77928 17.1045C4.96713 16.9526 4.86924 16.6606 4.81674 16.5043H4.81632L4.8161 16.5038Z" fill="white"/>
<path d="M4.02955 16.8495C4.03319 16.8315 4.03789 16.814 4.03983 16.7953C4.04089 16.7827 4.03941 16.7705 4.03941 16.7577C4.17949 16.6891 4.32943 16.6156 4.32943 16.6156L4.32215 16.5839C4.32215 16.5839 4.16129 16.5835 4.00771 16.5835C3.98948 16.5366 3.96529 16.4916 3.93186 16.4518L3.93144 16.4513C4.62374 15.5253 4.63594 16.3697 4.6638 16.4899C4.69122 16.6096 5.04872 17.3703 4.02997 16.8495H4.02955ZM3.52768 16.2873C3.57416 16.1452 3.62128 16.0004 3.62128 16.0004L3.6532 16.0034C3.6532 16.0034 3.67462 16.1538 3.69559 16.3016C3.73695 16.3127 3.77593 16.3303 3.81235 16.3519C4.63595 15.5356 3.7967 15.6412 3.67398 15.6303C3.55145 15.6198 2.74434 15.3703 3.41095 16.3149C3.44799 16.3012 3.48677 16.2911 3.52768 16.2873ZM3.10421 16.772C3.10356 16.7525 3.10183 16.7332 3.10376 16.7135C3.10485 16.7009 3.10869 16.6893 3.11062 16.6769C2.98467 16.585 2.84971 16.4865 2.84971 16.4865L2.86192 16.4569C2.86192 16.4569 3.02088 16.4845 3.17211 16.5109C3.19994 16.4652 3.23743 16.4271 3.27834 16.3935C2.7574 15.363 2.59911 16.1917 2.5507 16.305C2.5025 16.4177 2.02098 17.1017 3.10376 16.7716L3.10421 16.772ZM3.97428 16.9924C3.94857 17.0352 3.91775 17.0751 3.87897 17.1089C3.92822 17.2615 3.98307 17.4315 3.98307 17.4315L3.95566 17.448C3.95566 17.448 3.82885 17.3171 3.71659 17.2013C3.68255 17.2124 3.64699 17.2184 3.61101 17.2212C3.439 18.3284 4.04646 17.759 4.15143 17.6965C4.2566 17.6333 5.04979 17.3625 3.97428 16.9924ZM3.35159 17.1696C3.22071 17.2642 3.07313 17.3711 3.07313 17.3711L3.04893 17.3499C3.04893 17.3499 3.13246 17.192 3.20744 17.0503C3.17575 17.0108 3.15239 16.9669 3.13461 16.9209C2.02248 17.0993 2.75333 17.502 2.84588 17.5823C2.93819 17.6622 3.43707 18.3282 3.46042 17.2088C3.42251 17.1995 3.38566 17.1871 3.35159 17.1691V17.1696ZM3.78449 16.5762C3.73673 16.5195 3.66989 16.4848 3.596 16.4781C3.44371 16.4648 3.30855 16.5781 3.29547 16.7307C3.28906 16.8043 3.31177 16.8759 3.35931 16.9331C3.40708 16.9901 3.47392 17.0245 3.54803 17.0312C3.70033 17.0445 3.83548 16.9316 3.84856 16.7788C3.85497 16.7052 3.83226 16.633 3.78449 16.5762Z" fill="#FF0000"/>
<path d="M3.76562 10.024C3.10717 9.90811 2.4772 10.3496 2.36111 11.0078C2.24501 11.6663 2.68605 12.2963 3.34473 12.4123C4.00317 12.5282 4.63337 12.0874 4.74923 11.4287C4.86577 10.7703 4.42407 10.1405 3.76562 10.024Z" fill="white"/>
<path d="M3.88085 11.2871C3.26759 10.9059 2.97351 10.7321 2.67212 10.6229C2.7428 10.5184 2.83085 10.428 2.93173 10.3551C3.06283 10.3665 3.17399 10.4021 3.2901 10.4605C3.31707 10.4738 3.34428 10.4886 3.37234 10.5049C3.44539 10.5466 3.5227 10.5974 3.60947 10.6556C3.63517 10.6728 3.66152 10.6904 3.68893 10.7088C3.69428 10.7129 3.88899 10.842 3.98817 10.9073C4.0111 10.9225 4.02953 10.9343 4.04022 10.9412C4.03317 10.9564 3.91576 11.206 3.88085 11.2871ZM3.75748 11.5913C3.76991 11.5604 3.82387 11.424 3.84551 11.3713C3.21769 10.9815 2.92593 10.8086 2.62392 10.7019C2.57722 10.7861 2.54167 10.8776 2.51896 10.9752C2.69182 11.2124 3.15363 11.4452 3.75748 11.5913ZM3.68958 10.5998C3.92478 10.4605 4.19209 10.4982 4.39837 10.5687C4.32168 10.4691 4.22807 10.3828 4.11991 10.3149C3.92497 10.2763 3.65615 10.2701 3.44195 10.4406C3.51951 10.486 3.60045 10.5396 3.68958 10.5998ZM2.75137 11.7232C2.78243 11.7453 2.81477 11.7657 2.84927 11.7847C2.91865 11.8231 2.99322 11.856 3.07075 11.8848C3.10351 11.897 3.13714 11.9087 3.17077 11.9195C3.28837 11.9578 3.5589 12.0283 3.57926 12.0332C3.58377 12.0225 3.68465 11.7721 3.72321 11.6768C3.25474 11.5607 2.74237 11.3578 2.49819 11.0933C2.48362 11.2154 2.4894 11.336 2.51532 11.4503C2.56651 11.5626 2.64898 11.6515 2.75137 11.7232ZM3.59469 12.1309L3.49744 12.1054C3.40683 12.0822 3.3083 12.0565 3.20848 12.0259C3.25731 12.1298 3.33378 12.2105 3.41582 12.2733C3.52527 12.2879 3.63302 12.2851 3.73712 12.2671C3.66236 12.2086 3.59511 12.1309 3.59511 12.1309H3.59469ZM4.57424 10.9089C4.55217 10.836 4.52283 10.7658 4.48598 10.7C4.30155 10.6175 4.02051 10.537 3.77461 10.6574L4.11305 10.8814C4.18375 10.875 4.24885 10.8731 4.30841 10.8742C4.34052 10.8748 4.37073 10.8765 4.39966 10.8793C4.46605 10.8851 4.52261 10.8962 4.57424 10.9089ZM4.4005 10.971C4.39109 11.527 4.12848 11.9569 3.90207 12.2251C4.25593 12.1026 4.53523 11.7973 4.60487 11.4032C4.62864 11.2689 4.62478 11.1361 4.59949 11.01C4.54445 10.993 4.47909 10.9789 4.4005 10.971ZM3.35713 10.3935C3.51564 10.2534 3.70265 10.2065 3.87527 10.2026C3.83137 10.1887 3.78682 10.1767 3.74012 10.1686C3.49422 10.1251 3.25303 10.1709 3.04891 10.2817C3.15772 10.3035 3.25667 10.3412 3.35713 10.3935ZM4.12613 10.9718C4.04557 11.1393 3.99825 11.2424 3.9586 11.3355C3.94639 11.3642 3.93483 11.3917 3.92327 11.4204C3.90442 11.4673 3.84657 11.6123 3.84657 11.6123L3.81188 11.6982L3.66217 12.0688C3.70372 12.1234 3.75342 12.1679 3.80225 12.2028C4.02479 11.9492 4.30113 11.5232 4.30925 10.9658C4.25336 10.9639 4.19209 10.9658 4.12548 10.9718H4.12613ZM3.09603 11.9895C3.02169 11.9634 2.94735 11.9342 2.87691 11.9002C2.90325 11.9816 2.94094 12.0537 2.97927 12.1152C3.05896 12.1664 3.14657 12.2067 3.23995 12.2356C3.17891 12.1675 3.12751 12.0867 3.09603 11.9895ZM2.76701 11.8402C2.71667 11.8102 2.66955 11.7764 2.62607 11.7391C2.67533 11.8273 2.73745 11.9081 2.80962 11.979C2.7925 11.9349 2.77729 11.889 2.76722 11.84L2.76701 11.8402Z" fill="#FF0000"/>
<path d="M6.34551 21.7132C6.43525 21.7991 6.65074 22.0045 6.65074 22.0045L6.42176 22.2451C6.42176 22.2451 6.20627 22.0394 6.11653 21.9538C6.0092 22.0662 5.7149 22.3745 5.7149 22.3745L5.36725 22.0431L6.28318 21.0826L6.3708 20.9905L7.05324 21.6413L6.82426 21.882C6.82426 21.882 6.58606 21.6549 6.48882 21.5624C6.43161 21.6228 6.40249 21.653 6.34509 21.7132H6.34551ZM8.14479 22.7797C8.14479 22.9395 8.09254 23.0993 7.9925 23.2398C7.86762 23.4159 7.68921 23.5314 7.49085 23.5648C7.30664 23.5958 7.11879 23.5515 6.96219 23.4403C6.80648 23.3294 6.70366 23.1674 6.67258 22.9836C6.63918 22.7849 6.68972 22.5786 6.81504 22.4023C6.94034 22.226 7.11856 22.1103 7.31711 22.0769C7.50113 22.0461 7.68811 22.09 7.84385 22.2005C8.00043 22.3119 8.10366 22.4745 8.13474 22.6589C8.1416 22.6985 8.14502 22.7394 8.14502 22.7795L8.14479 22.7797ZM7.58765 22.9519C7.66241 22.847 7.81792 22.5901 7.65149 22.4715C7.49214 22.3582 7.31263 22.56 7.22009 22.6904C7.12713 22.8208 6.99562 23.0565 7.15477 23.1694C7.3214 23.288 7.51292 23.0567 7.58787 22.9517L7.58765 22.9519ZM9.50948 24.0285C9.41224 24.2213 9.25309 24.362 9.06202 24.4248C8.88467 24.4833 8.6925 24.4679 8.52114 24.3809C8.35065 24.2948 8.22448 24.15 8.16621 23.9728C8.10324 23.7815 8.12253 23.5701 8.21997 23.3767C8.41533 22.9901 8.83967 22.8382 9.20703 23.0237C9.57481 23.2098 9.70504 23.6414 9.50948 24.0285ZM9.06608 23.8045C9.14448 23.6496 9.17382 23.5048 9.14512 23.4168C9.1312 23.3739 9.10334 23.3431 9.05709 23.3199C8.88273 23.2317 8.73534 23.4581 8.66338 23.601C8.6216 23.6837 8.5719 23.8038 8.5719 23.9071C8.5719 23.9814 8.59783 24.0476 8.67088 24.0844C8.71672 24.1074 8.75827 24.1118 8.80111 24.0977C8.88895 24.069 8.98813 23.9593 9.0663 23.8043L9.06608 23.8045ZM9.96507 23.5549L9.8974 23.7483C9.8974 23.7483 10.0703 23.8092 10.123 23.827C10.057 24.0159 9.75152 24.886 9.75152 24.886L10.2046 25.0449C10.2046 25.0449 10.5096 24.175 10.576 23.9865C10.6285 24.0045 10.8013 24.0654 10.8013 24.0654L10.9114 23.7518L10.0073 23.435L9.96488 23.5551L9.96507 23.5549ZM12.229 24.4128C12.229 24.4423 12.226 24.4706 12.2206 24.4961C12.1999 24.5942 12.1497 24.673 12.0799 24.7287C12.13 24.7964 12.1576 24.8759 12.1576 24.9631C12.1576 24.9944 12.1542 25.0269 12.1474 25.0597C12.1217 25.1811 12.0555 25.2822 11.9604 25.3441C11.8858 25.3932 11.7549 25.442 11.5558 25.4003L10.9333 25.2692L11.207 23.9705L11.2332 23.846L11.8449 23.9747C12.1345 24.0358 12.229 24.2468 12.229 24.4128ZM11.6804 24.926C11.6804 24.8823 11.665 24.8234 11.5845 24.8065C11.5845 24.8065 11.5506 24.7992 11.5241 24.7939C11.5043 24.8872 11.4913 24.9498 11.4714 25.0432C11.4992 25.0488 11.5228 25.0541 11.5228 25.0541C11.5742 25.0653 11.614 25.0633 11.6348 25.0498C11.6573 25.0353 11.6695 24.9963 11.6759 24.9663C11.6778 24.9575 11.6804 24.9432 11.6804 24.926ZM11.5924 24.4685C11.6104 24.4721 11.6238 24.4753 11.6238 24.4753C11.7297 24.4974 11.7408 24.4447 11.749 24.4064C11.7515 24.3925 11.7532 24.3798 11.7532 24.3687C11.7532 24.3511 11.7498 24.3368 11.743 24.326C11.7278 24.3031 11.6883 24.2838 11.6342 24.271C11.6172 24.3507 11.6091 24.3897 11.5924 24.4685ZM12.9738 24.1866L12.3093 25.547L12.6884 25.5761C12.6884 25.5761 12.7915 25.3598 12.8324 25.2732C12.9123 25.2797 12.993 25.2859 13.0716 25.2919C13.1008 25.3827 13.1751 25.6136 13.1751 25.6136L13.6802 25.6524L13.116 23.9034L12.9738 24.1866ZM14.4721 25.2728C14.4635 25.0736 14.4256 24.1684 14.4256 24.1684L14.2986 24.1737L13.9458 24.1888L14.0066 25.6414L14.9673 25.6014L14.9532 25.2529C14.9532 25.2529 14.6096 25.2671 14.4721 25.2728ZM15.7869 25.1336C15.756 24.9367 15.6155 24.0414 15.6155 24.0414L15.49 24.0613L15.141 24.1159L15.3666 25.5528L16.3166 25.4037L16.2626 25.0592C16.2626 25.0592 15.9229 25.1124 15.7867 25.1338L15.7869 25.1336ZM18.5385 24.1662C18.5349 24.2916 18.461 24.3982 18.3464 24.4443C18.2825 24.4691 18.2223 24.4691 18.1624 24.4434C18.0688 24.4036 17.9822 24.3023 17.9306 24.1729C17.8691 24.0197 17.8575 23.8901 17.897 23.7987C17.9248 23.7338 17.9784 23.6867 18.0606 23.6534C18.1501 23.6179 18.235 23.6507 18.3511 23.7194L18.4573 23.7824L18.6345 23.5029L18.5297 23.4341C18.3365 23.3075 18.0977 23.2812 17.8912 23.3638C17.699 23.4405 17.55 23.5832 17.4716 23.7659C17.3919 23.9518 17.3921 24.1648 17.4729 24.3659C17.6254 24.7474 18.0572 24.9352 18.435 24.7842C18.7071 24.6754 18.8617 24.4683 18.8812 24.1853L18.8904 24.0589L18.5432 24.0332L18.5389 24.1656L18.5385 24.1662ZM19.6573 23.7698C19.56 23.5958 19.1184 22.8046 19.1184 22.8046L19.0074 22.8665L18.6994 23.0389L19.4084 24.3083L20.2478 23.8396L20.0777 23.5346C20.0777 23.5346 19.7774 23.7021 19.6575 23.7696L19.6573 23.7698ZM20.5905 21.8126L20.488 21.8876L20.3078 22.0197L20.8962 22.8226C20.9232 22.8594 20.9236 22.883 20.9211 22.8973C20.9149 22.9389 20.8718 22.9834 20.8341 23.0113C20.8161 23.0243 20.7741 23.0415 20.7319 23.0353C20.7019 23.0308 20.6773 23.0143 20.6559 22.9854L20.0737 22.1917L19.6864 22.4753L20.2654 23.2651C20.3513 23.3821 20.4582 23.4512 20.5824 23.4703C20.7225 23.4922 20.8812 23.4442 21.0288 23.3356C21.3319 23.1134 21.3276 22.8181 21.1953 22.6377L20.5903 21.813L20.5905 21.8126ZM22.4893 21.834C22.4877 21.9234 22.4556 22.0594 22.3093 22.2007L21.8524 22.6437L20.8403 21.5993L21.2893 21.1644C21.5393 20.9217 21.8106 21.0192 21.9317 21.1443C22.0015 21.2165 22.036 21.303 22.0426 21.3926C22.1583 21.3866 22.2682 21.4277 22.3575 21.5202C22.444 21.6095 22.4907 21.7209 22.4888 21.8342L22.4893 21.834ZM21.4169 21.5044C21.4739 21.5631 21.5013 21.5913 21.5577 21.6496C21.5705 21.6367 21.5806 21.6271 21.5806 21.6271C21.6149 21.5937 21.6267 21.5673 21.6267 21.5464C21.6267 21.5198 21.6087 21.5009 21.5934 21.4853C21.5602 21.4512 21.5178 21.4112 21.4169 21.5044ZM21.7884 21.8876C21.855 21.9559 21.8991 22.002 21.9659 22.0707C21.9865 22.0508 22.0036 22.0341 22.0036 22.0341C22.0416 21.9975 22.0628 21.9632 22.063 21.9388V21.9379C22.063 21.9111 22.0381 21.8799 22.0167 21.8582C21.9942 21.8347 21.9145 21.7655 21.8327 21.8443C21.8327 21.8443 21.8079 21.8685 21.7884 21.8876Z" fill="#FBB700"/>
<path d="M6.21053 21.7168C6.24992 21.7543 6.51618 22.0081 6.51618 22.0081L6.41874 22.1103C6.41874 22.1103 6.15248 21.8565 6.11306 21.819C6.07386 21.8601 5.71185 22.2399 5.71185 22.2399L5.50238 22.0401L6.3521 21.1488L6.37396 21.1256L6.91868 21.6451L6.82143 21.7473C6.82143 21.7473 6.52603 21.466 6.48619 21.4277C6.45108 21.4645 6.24609 21.68 6.21053 21.7168ZM8.04086 22.6752C8.04666 22.7099 8.04965 22.745 8.04965 22.7801C8.04965 22.9202 8.00317 23.0607 7.91492 23.185C7.8046 23.3401 7.64824 23.442 7.47495 23.4709C7.3158 23.4977 7.15343 23.4598 7.01763 23.363C6.8827 23.267 6.79357 23.1267 6.76658 22.968C6.73724 22.7947 6.78201 22.6137 6.89233 22.4582C7.00307 22.3027 7.15922 22.2009 7.33294 22.1716C7.49167 22.1448 7.65317 22.1829 7.78833 22.2789C7.92413 22.3755 8.01409 22.5163 8.04086 22.6752ZM7.70693 22.3941C7.47154 22.2267 7.23398 22.5068 7.14273 22.6351C7.05148 22.7634 6.86447 23.08 7.09989 23.2475C7.3368 23.4159 7.57435 23.1355 7.6658 23.0074C7.75705 22.8789 7.94384 22.5625 7.70716 22.3939L7.70693 22.3941ZM9.42504 23.9857C9.33914 24.1557 9.1997 24.2793 9.03307 24.3344C8.87968 24.3847 8.71325 24.371 8.5646 24.2958C8.41679 24.2211 8.30756 24.096 8.25744 23.943C8.20259 23.7755 8.21972 23.5903 8.30585 23.42C8.47676 23.0815 8.84583 22.9478 9.16458 23.1089C9.48395 23.2702 9.59598 23.6474 9.42504 23.9857ZM8.83127 24.1885C8.98594 24.138 9.09817 23.9531 9.15173 23.8475C9.20507 23.7417 9.28711 23.5418 9.23632 23.3872C9.21448 23.3208 9.16887 23.2696 9.10052 23.2349C8.84284 23.1046 8.64986 23.4172 8.57874 23.5577C8.50784 23.6986 8.37053 24.0392 8.62822 24.1695C8.69654 24.2042 8.76466 24.2108 8.83127 24.1885ZM10.0561 23.5866L10.0197 23.6898C10.0197 23.6898 10.2 23.7533 10.2452 23.7689C10.2253 23.8256 9.8738 24.8279 9.8738 24.8279L10.1469 24.9239C10.1469 24.9239 10.4984 23.9216 10.5183 23.8648C10.5637 23.8805 10.7439 23.9435 10.7439 23.9435L10.7908 23.8102L10.0666 23.556L10.0563 23.5862L10.0561 23.5866ZM12.1347 24.4121C12.1347 24.4361 12.1321 24.4582 12.1283 24.4766C12.1034 24.5949 12.0257 24.6747 11.9173 24.7056C12.0109 24.7696 12.0631 24.8585 12.0631 24.9639C12.0631 24.9888 12.0601 25.0142 12.0548 25.04C12.0342 25.1378 11.9839 25.2156 11.9091 25.2642C11.8226 25.3208 11.7106 25.3349 11.5767 25.3068L11.0472 25.195L11.3008 23.9897L11.3075 23.9587L11.8258 24.0681C12.0713 24.1198 12.1347 24.2903 12.1347 24.4117V24.4121ZM11.5617 24.1577C11.5512 24.2074 11.4908 24.4931 11.4803 24.5428C11.5257 24.5522 11.605 24.5689 11.605 24.5689C11.6795 24.5846 11.8091 24.5867 11.8427 24.4265C11.8472 24.4061 11.8492 24.3871 11.8492 24.3693C11.8492 24.3331 11.8406 24.3012 11.823 24.2748C11.7922 24.2269 11.7318 24.1934 11.6444 24.1752C11.6444 24.1752 11.5943 24.1645 11.5617 24.1577ZM11.4512 24.6807C11.4407 24.7321 11.37 25.0661 11.3593 25.1171C11.4096 25.1274 11.5041 25.1475 11.5041 25.1475C11.5827 25.164 11.6446 25.158 11.6881 25.1297C11.7288 25.1034 11.7558 25.056 11.7705 24.9862C11.771 24.9832 11.7757 24.9614 11.7757 24.9307C11.7757 24.86 11.7521 24.7442 11.6052 24.7135C11.6052 24.7135 11.4944 24.69 11.4512 24.6807ZM13.0988 24.1585L13.5467 25.547L13.2475 25.5238C13.2475 25.5238 13.1554 25.2379 13.144 25.2021C13.1078 25.1991 12.8124 25.1762 12.7754 25.1734C12.7591 25.2081 12.6312 25.4761 12.6312 25.4761L12.4577 25.4628L13.0607 24.2286L13.0988 24.1581V24.1585ZM12.8426 25.0372C12.9017 25.0419 13.0391 25.0526 13.098 25.0571C13.0797 24.998 13.0234 24.8183 12.9945 24.7255C12.9521 24.8129 12.8696 24.9819 12.8426 25.0372ZM14.3817 25.3728C14.3791 25.3129 14.3352 24.2682 14.3352 24.2682L14.3037 24.2695L14.046 24.2802L14.0989 25.5427L14.8692 25.5106L14.8628 25.3525C14.8628 25.3525 14.4372 25.3705 14.3819 25.3726L14.3817 25.3728ZM15.7087 25.2437C15.6994 25.1845 15.5373 24.1515 15.5373 24.1515L15.5058 24.1564L15.2513 24.1969L15.4471 25.4448L16.2086 25.3251L16.1837 25.1691C16.1837 25.1691 15.7631 25.2351 15.7082 25.2439L15.7087 25.2437ZM18.6349 24.1701C18.6299 24.3342 18.5335 24.4734 18.3825 24.5338C18.2956 24.5687 18.209 24.5681 18.1255 24.5321C18.0077 24.4817 17.9044 24.3644 17.8427 24.2095C17.7718 24.0321 17.7607 23.8777 17.81 23.7625C17.8477 23.6744 17.9203 23.6087 18.0261 23.5667C18.1651 23.511 18.2921 23.5748 18.4005 23.6389L18.4273 23.6543L18.5046 23.5326L18.4785 23.5155C18.3114 23.4058 18.1049 23.3827 17.9274 23.4538C17.759 23.5213 17.6281 23.6457 17.56 23.8053C17.4904 23.9677 17.4912 24.1545 17.5621 24.332C17.6954 24.6649 18.0713 24.829 18.4003 24.6972C18.6391 24.6017 18.7694 24.4282 18.7867 24.1806L18.7891 24.1489L18.6359 24.1377L18.6349 24.1707V24.1701ZM19.6215 23.9002C19.5921 23.8479 19.0821 22.935 19.0821 22.935L19.0543 22.9506L18.8293 23.0762L19.4454 24.1793L20.1184 23.8034L20.0415 23.6652C20.0415 23.6652 19.6695 23.873 19.6212 23.9L19.6215 23.9002ZM20.5708 21.9465L20.5451 21.9653L20.4416 22.0409L20.9741 22.7669C21.0097 22.8153 21.0238 22.8641 21.0166 22.9125C21.0033 22.9984 20.9249 23.0646 20.8919 23.0888C20.8542 23.1167 20.7854 23.1404 20.7188 23.1301C20.6633 23.1218 20.6169 23.0924 20.5802 23.0423L20.0546 22.3254L19.8209 22.4967L20.3435 23.2094C20.4138 23.3052 20.4995 23.3617 20.598 23.3767C20.7535 23.4005 20.9 23.3137 20.9733 23.2597C21.2252 23.0747 21.2284 22.8429 21.12 22.6951L20.571 21.9467L20.5708 21.9465ZM22.3943 21.8338C22.3928 21.937 22.342 22.0379 22.2435 22.133L21.8549 22.5096L20.9757 21.6027L21.3565 21.2338C21.5722 21.0245 21.7826 21.1278 21.8637 21.2118C21.9233 21.2728 21.9537 21.3459 21.9537 21.4215C21.9537 21.4521 21.9475 21.4829 21.9374 21.5138C22.0668 21.4634 22.1919 21.4866 22.2898 21.5875C22.3596 21.6592 22.3956 21.7443 22.3941 21.8336L22.3943 21.8338ZM21.6624 21.4199C21.5662 21.3208 21.4617 21.3287 21.343 21.4439C21.343 21.4439 21.3064 21.4795 21.2822 21.5026C21.3173 21.5395 21.5208 21.7492 21.5559 21.7858C21.5896 21.7533 21.6478 21.6969 21.6478 21.6969C21.6812 21.6644 21.7224 21.6117 21.7224 21.5483C21.7224 21.5086 21.7065 21.4651 21.6624 21.4199ZM22.0711 22.1039C22.1287 22.0478 22.1585 21.9932 22.1593 21.9413V21.9392C22.1593 21.8914 22.1353 21.8439 22.0865 21.7931C22.0796 21.7858 21.9224 21.6275 21.7678 21.7774C21.7678 21.7774 21.6866 21.8561 21.6549 21.8871C21.6913 21.9244 21.9286 22.1697 21.965 22.2069C21.9959 22.1771 22.0711 22.1039 22.0711 22.1039Z" fill="white"/>
<path d="M8.22063 5.53838C8.35192 6.01671 8.21741 6.44833 7.83098 6.78612C7.294 7.25585 6.47102 7.19651 5.99656 6.65373C5.48592 6.0696 5.5324 5.252 6.10495 4.75099C6.39755 4.49479 6.80733 4.39971 7.19994 4.4965L7.38245 4.5415L7.2653 5.04936L7.08408 5.01361C6.83944 4.96497 6.65887 4.96004 6.51644 5.0847C6.38792 5.19737 6.32066 5.31861 6.31167 5.45657C6.29882 5.64635 6.39948 5.86976 6.60254 6.10152C6.77476 6.29839 6.9926 6.42369 7.1858 6.43654C7.31306 6.44488 7.42828 6.40484 7.5281 6.31745C7.70784 6.16001 7.7738 5.91901 7.70056 5.68832L7.63994 5.49834L8.17006 5.35504L8.2204 5.53819L8.22063 5.53838ZM9.61058 2.69529L9.06928 2.95062C9.06928 2.95062 9.37132 3.59152 9.47542 3.81235C9.32055 3.88518 9.17103 3.95588 9.01616 4.02871C8.91206 3.80829 8.6096 3.16695 8.6096 3.16695L7.89546 3.50348L8.98189 5.80827L9.69603 5.47155C9.69603 5.47155 9.35975 4.75892 9.25136 4.528C9.40601 4.45517 9.55553 4.3847 9.71062 4.31165C9.81943 4.54214 10.1553 5.25522 10.1553 5.25522L10.869 4.91827L9.7828 2.61411L9.61058 2.69529ZM12.0259 4.12315C11.9912 3.95179 11.9561 3.77743 11.9218 3.60565C12.142 3.56111 12.7278 3.44306 12.7278 3.44306L12.6246 2.93155C12.6246 2.93155 12.0392 3.05002 11.8186 3.09412C11.7869 2.93735 11.7603 2.80561 11.7282 2.64902C11.9569 2.60276 12.5835 2.47617 12.5835 2.47617L12.4802 1.96465L12.2932 2.00214L10.8512 2.29366L11.3555 4.79103L12.9977 4.45946L12.8943 3.94773C12.8943 3.94773 12.2562 4.07647 12.0259 4.12315ZM14.3553 1.9051L13.566 1.88861L13.562 2.07946L13.5125 4.43611L15.1704 4.4706L15.1824 3.91903C15.1824 3.91903 14.5458 3.90553 14.3131 3.90061C14.3198 3.58871 14.3556 1.90532 14.3556 1.90532L14.3553 1.9051ZM16.9149 3.19011C16.7103 3.03972 16.6497 2.97955 16.6707 2.89706C16.6812 2.85444 16.7274 2.71821 16.8746 2.75505C16.9635 2.77755 17.0513 2.82403 17.0909 3.01466L17.1342 3.22609L17.6553 3.05002L17.6226 2.88549C17.5585 2.56292 17.2859 2.28874 16.9436 2.20327C16.6985 2.14201 16.4526 2.17457 16.251 2.29581C16.066 2.40655 15.9355 2.58219 15.8835 2.78933C15.7528 3.31135 16.1045 3.56281 16.338 3.72967C16.5768 3.90019 16.6368 3.967 16.6011 4.10946C16.5899 4.15423 16.5631 4.18915 16.522 4.21421C16.4747 4.24226 16.4149 4.25231 16.3654 4.24011C16.2408 4.20905 16.1861 4.14972 16.1332 3.98777L16.0692 3.79328L15.5461 4.00706L15.5967 4.17349C15.6948 4.49631 15.9291 4.70001 16.3123 4.79596C16.7428 4.90371 17.2655 4.70577 17.3951 4.18805C17.5311 3.64357 17.1603 3.37045 16.9149 3.19011ZM18.7992 4.54965C19.0003 4.65095 19.533 4.92042 19.533 4.92042L19.7687 4.45431C19.7687 4.45431 19.2355 4.18506 19.0348 4.08353C19.107 3.94087 19.1676 3.82092 19.2396 3.67826C19.4476 3.78343 20.0186 4.07174 20.0186 4.07174L20.2536 3.60607L18.7707 2.85679L18.6846 3.02687L17.6215 5.13076L19.1168 5.88603L19.3523 5.42036C19.3523 5.42036 18.7713 5.12689 18.5616 5.02108C18.6407 4.86473 18.7208 4.70622 18.7994 4.55007L18.7992 4.54965ZM22.1782 4.57448L21.1625 7.57074L20.5361 7.0256C20.5361 7.0256 20.6812 6.59933 20.7328 6.44768C20.6285 6.35685 20.4725 6.22127 20.3661 6.12893C20.2238 6.20391 19.8314 6.41212 19.8314 6.41212L19.3769 6.0169L21.7537 4.7872L22.1786 4.57426L22.1782 4.57448Z" fill="#FBB700"/>
<path d="M8.09788 5.57218C8.21719 6.00615 8.09917 6.3823 7.74724 6.69011C7.26292 7.11336 6.5205 7.05982 6.0921 6.57016C5.62901 6.04065 5.67056 5.30016 6.18851 4.84712C6.44983 4.61814 6.81674 4.5331 7.16932 4.62007L7.23039 4.63527L7.1689 4.90088L7.10828 4.88909C6.8868 4.84519 6.63382 4.81307 6.43225 4.98914C6.27912 5.12342 6.19556 5.27768 6.18422 5.44839C6.16922 5.67309 6.2806 5.92775 6.50636 6.18588C6.70323 6.411 6.9472 6.54874 7.17682 6.56416C7.33875 6.57486 7.48505 6.52432 7.61144 6.41378C7.83015 6.22273 7.91026 5.92991 7.82113 5.65038L7.801 5.58697L8.08075 5.51136L8.09746 5.57263L8.09788 5.57218ZM9.66476 2.81029L9.2383 3.01141C9.2383 3.01141 9.59731 3.7729 9.64486 3.87314C9.55338 3.91662 9.0468 4.15524 8.95513 4.19808C8.90801 4.09784 8.54922 3.33635 8.54922 3.33635L8.06532 3.56447L9.04316 5.6386L9.52703 5.41068C9.52703 5.41068 9.13013 4.56866 9.08214 4.46691C9.17381 4.42365 9.68 4.18523 9.77167 4.14219C9.81944 4.24372 10.2163 5.08574 10.2163 5.08574L10.7002 4.8574L9.72219 2.78307L9.66476 2.81029ZM11.9265 4.27284C11.9064 4.17324 11.7918 3.60583 11.7717 3.50578C11.8777 3.48481 12.5777 3.34321 12.5777 3.34321L12.5248 3.08102C12.5248 3.08102 11.825 3.2222 11.7188 3.24362C11.6993 3.14615 11.5982 2.64663 11.5787 2.54895C11.6858 2.5271 12.434 2.37652 12.434 2.37652L12.3808 2.11434L12.3187 2.12697L11.0012 2.39301L11.4551 4.64126L12.848 4.36003L12.7951 4.09784C12.7951 4.09784 12.0341 4.25142 11.9267 4.27326L11.9265 4.27284ZM14.2249 2.02951L13.6903 2.01816L13.6888 2.08156L13.6419 4.31098L15.0462 4.34074L15.0526 4.04302C15.0526 4.04302 14.2926 4.02694 14.1833 4.02459C14.1857 3.90571 14.2249 2.02951 14.2249 2.02951ZM16.9052 2.63142C17.0753 2.67383 17.1736 2.78757 17.2147 2.98871L17.2297 3.05918L17.5084 2.96493L17.4975 2.90989C17.4429 2.63506 17.2079 2.40029 16.9123 2.32618C16.7 2.27306 16.4882 2.30112 16.3157 2.40479C16.16 2.49818 16.0501 2.64577 16.0067 2.82012C15.8968 3.25795 16.1825 3.4623 16.4113 3.62596C16.6433 3.79197 16.7827 3.90529 16.724 4.14026C16.6998 4.23835 16.6358 4.29384 16.5869 4.32341C16.5107 4.36902 16.4164 4.38381 16.3342 4.36303C16.1656 4.32103 16.0782 4.22978 16.0116 4.02694L15.9906 3.96204L15.7012 4.08048L15.7179 4.13575C15.8019 4.41228 16.0064 4.58773 16.3427 4.6719C16.7126 4.76444 17.1608 4.59714 17.2713 4.15653C17.387 3.69473 17.0832 3.47151 16.839 3.29223C16.63 3.13842 16.5042 3.03583 16.5471 2.86576C16.5848 2.71389 16.7105 2.58279 16.9052 2.63142ZM19.183 3.50687C19.2805 3.55613 19.9617 3.90013 19.9617 3.90013L20.0822 3.66129L18.8262 3.02662L18.7975 3.08337L17.792 5.07375L19.0603 5.71442L19.1811 5.47558C19.1811 5.47558 18.4884 5.12558 18.3905 5.07588C18.4361 4.98485 18.6972 4.46862 18.7431 4.37759C18.8395 4.42642 19.4769 4.74836 19.4769 4.74836L19.5977 4.50952C19.5977 4.50952 18.9605 4.1878 18.8639 4.13875C18.9084 4.04985 19.1383 3.59532 19.1835 3.50642H19.183V3.50687ZM21.9559 4.83169L21.1023 7.34965L20.6831 6.98506C20.6831 6.98506 20.8564 6.47739 20.8799 6.40736C20.826 6.36088 20.4374 6.02264 20.3826 5.97488C20.3159 6.01002 19.8479 6.25849 19.8479 6.25849L19.6003 6.04364L21.8107 4.89982L21.9554 4.83192V4.83147L21.9559 4.83169ZM20.9742 6.13467C21.013 6.02393 21.1126 5.73884 21.173 5.56599C21.0104 5.65038 20.7429 5.78918 20.639 5.84316C20.7236 5.91664 20.8896 6.061 20.9742 6.13467Z" fill="white"/>
</g>
</g>
<defs>
<clipPath id="clip0_1750_74865">
<rect width="28" height="28" fill="white"/>
</clipPath>
</defs>
</svg>
